[profie.jpg]
filters=Boost=1,23.391813;PicnikTint=1,69.005844,0080cfff;
moddate=20b9d2a14226d701
width=1720
height=1051
textactive=0
